Iteration     : 1
CompLabel     : FX
averageVal1   : -0.04563
averageVal2   : -0.00571
AVG_MAG_VAL   : -0.02337
rmsVal1       : 0.12736
rmsVal2       : 0.12736
AVG_RMS_Val   : 0.12736
amplitudeVal1 : 0.12075
amplitudeVal2 : 0.02578
AVG_AMP_VAL   : 0.12075
Label 1       : a
Label 2       : a
t1Start       : 0.00000
t1End         : 17.65000
t2Start       : 17.65000
t2End         : 24.05500
tAvgIndex     : 12.02750

