Iteration     : 1
CompLabel     : FX
averageVal1   : 0.04028
averageVal2   : 0.04028
AVG_MAG_VAL   : 0.04028
rmsVal1       : 0.13378
rmsVal2       : 0.13378
AVG_RMS_Val   : 0.13378
amplitudeVal1 : 0.14018
amplitudeVal2 : 0.14018
AVG_AMP_VAL   : 0.14018
Label 1       : k
Label 2       : k
t1Start       : 0.00000
t1End         : 24.05500
t2Start       : 0.00000
t2End         : 24.05500
tAvgIndex     : 12.02750

