Iteration     : 1
CompLabel     : FX
averageVal1   : 0.22649
averageVal2   : 0.05122
AVG_MAG_VAL   : 0.16026
rmsVal1       : 0.40214
rmsVal2       : 0.40214
AVG_RMS_Val   : 0.40214
amplitudeVal1 : 0.01536
amplitudeVal2 : 0.05855
AVG_AMP_VAL   : 0.13585
Label 1       : a
Label 2       : a
t1Start       : 0.00000
t1End         : 19.17500
t2Start       : 19.17500
t2End         : 35.77500
tAvgIndex     : 17.88750

