Iteration     : 1
CompLabel     : FX
averageVal1   : 0.01821
averageVal2   : 0.04272
AVG_MAG_VAL   : 0.14905
rmsVal1       : 0.14266
rmsVal2       : 0.14266
AVG_RMS_Val   : 0.40214
amplitudeVal1 : 0.00121
amplitudeVal2 : 0.06203
AVG_AMP_VAL   : 0.14902
Label 1       : a
Label 2       : a
t1Start       : 0.00000
t1End         : 12.40000
t2Start       : 12.40000
t2End         : 35.50000
tAvgIndex     : 17.75000

