Iteration     : 1
CompLabel     : FX
averageVal1   : 0.14157
averageVal2   : 0.08614
AVG_MAG_VAL   : 0.11385
rmsVal1       : 0.40445
rmsVal2       : 0.16582
AVG_RMS_Val   : 0.40445
amplitudeVal1 : 0.03998
amplitudeVal2 : 0.04774
AVG_AMP_VAL   : 0.04774
Label 1       : k
Label 2       : k
t1Start       : 0.00000
t1End         : 20.47500
t2Start       : 20.47500
t2End         : 44.29000
tAvgIndex     : 21.31000

