Iteration     : 1
CompLabel     : FX
averageVal1   : -0.16237
averageVal2   : -0.16237
AVG_MAG_VAL   : -0.16237
rmsVal1       : 0.71094
rmsVal2       : 0.71094
AVG_RMS_Val   : 0.71094
amplitudeVal1 : 0.84585
amplitudeVal2 : 0.84585
AVG_AMP_VAL   : 0.84585
Label 1       : k
Label 2       : k
t1Start       : 0.00000
t1End         : 44.29000
t2Start       : 0.00000
t2End         : 44.29000
tAvgIndex     : 22.14500

