Iteration     : 1
CompLabel     : FX
averageVal1   : -0.00229
averageVal2   : -0.15371
AVG_MAG_VAL   : -0.12868
rmsVal1       : 0.73298
rmsVal2       : -0.09208
AVG_RMS_Val   : 0.73298
amplitudeVal1 : 0.16422
amplitudeVal2 : 0.05542
AVG_AMP_VAL   : 0.16422
Label 1       : a
Label 2       : a
t1Start       : 0.00000
t1End         : 16.47500
t2Start       : 16.47500
t2End         : 25.54500
tAvgIndex     : 12.77250

