Iteration     : 1
CompLabel     : FX
averageVal1   : -0.00084
averageVal2   : -0.00084
AVG_MAG_VAL   : -0.00084
rmsVal1       : 0.07468
rmsVal2       : 0.07468
AVG_RMS_Val   : 0.07468
amplitudeVal1 : 0.04010
amplitudeVal2 : 0.04010
AVG_AMP_VAL   : 0.04010
Label 1       : k
Label 2       : k
t1Start       : 0.00000
t1End         : 25.54500
t2Start       : 0.00000
t2End         : 25.54500
tAvgIndex     : 12.77250

