Iteration     : 1
CompLabel     : FX
averageVal1   : 0.05420
averageVal2   : 0.06762
AVG_MAG_VAL   : 0.06091
rmsVal1       : 0.16305
rmsVal2       : 0.10311
AVG_RMS_Val   : 0.16305
amplitudeVal1 : 0.13797
amplitudeVal2 : 0.03282
AVG_AMP_VAL   : 0.13797
Label 1       : k
Label 2       : k
t1Start       : 0.00000
t1End         : 17.15000
t2Start       : 17.15000
t2End         : 22.74500
tAvgIndex     : 14.26125

