Iteration     : 1
CompLabel     : FX
averageVal1   : -0.04328
averageVal2   : 0.09996
AVG_MAG_VAL   : 0.03531
rmsVal1       : 0.13413
rmsVal2       : 0.13413
AVG_RMS_Val   : 0.13413
amplitudeVal1 : 0.01854
amplitudeVal2 : 0.00747
AVG_AMP_VAL   : 0.10341
Label 1       : a
Label 2       : a
t1Start       : 0.00000
t1End         : 19.95000
t2Start       : 19.95000
t2End         : 22.74500
tAvgIndex     : 11.37250

