Iteration     : 1
CompLabel     : FX
averageVal1   : -0.04151
averageVal2   : -0.03082
AVG_MAG_VAL   : -0.03616
rmsVal1       : 0.12142
rmsVal2       : 0.11499
AVG_RMS_Val   : 0.12142
amplitudeVal1 : 0.01725
amplitudeVal2 : 0.05513
AVG_AMP_VAL   : 0.05513
Label 1       : k
Label 2       : k
t1Start       : 0.00000
t1End         : 16.47500
t2Start       : 16.47500
t2End         : 22.89000
tAvgIndex     : 13.96000

