Iteration     : 1
CompLabel     : FX
averageVal1   : 0.03471
averageVal2   : -0.07464
AVG_MAG_VAL   : -0.04582
rmsVal1       : 0.45987
rmsVal2       : 0.45987
AVG_RMS_Val   : 0.61543
amplitudeVal1 : 0.21735
amplitudeVal2 : 0.44034
AVG_AMP_VAL   : 0.93085
Label 1       : a
Label 2       : a
t1Start       : 0.00000
t1End         : 19.32500
t2Start       : 19.32500
t2End         : 22.89000
tAvgIndex     : 11.44500

