Iteration     : 1
CompLabel     : FX
averageVal1   : 0.05584
averageVal2   : 0.05584
AVG_MAG_VAL   : 0.05584
rmsVal1       : 0.13624
rmsVal2       : 0.13624
AVG_RMS_Val   : 0.13624
amplitudeVal1 : 0.13327
amplitudeVal2 : 0.13327
AVG_AMP_VAL   : 0.13327
Label 1       : k
Label 2       : k
t1Start       : 0.00000
t1End         : 22.89000
t2Start       : 0.00000
t2End         : 22.89000
tAvgIndex     : 11.44500

