Iteration     : 1
CompLabel     : FX
averageVal1   : 0.38308
averageVal2   : 0.03174
AVG_MAG_VAL   : 0.21569
rmsVal1       : 0.91757
rmsVal2       : 0.91757
AVG_RMS_Val   : 0.91757
amplitudeVal1 : 0.00150
amplitudeVal2 : 0.05053
AVG_AMP_VAL   : 0.08115
Label 1       : a
Label 2       : a
t1Start       : 0.00000
t1End         : 22.12500
t2Start       : 22.12500
t2End         : 28.42500
tAvgIndex     : 14.21250

