Iteration     : 1
CompLabel     : FX
averageVal1   : 0.14691
averageVal2   : 0.14691
AVG_MAG_VAL   : 0.14691
rmsVal1       : 0.91757
rmsVal2       : 0.91757
AVG_RMS_Val   : 0.91757
amplitudeVal1 : 0.31531
amplitudeVal2 : 0.31531
AVG_AMP_VAL   : 0.31531
Label 1       : k
Label 2       : k
t1Start       : 0.00000
t1End         : 28.87500
t2Start       : 0.00000
t2End         : 28.87500
tAvgIndex     : 14.43750

