Iteration     : 1
CompLabel     : FX
averageVal1   : 0.35555
averageVal2   : -0.08181
AVG_MAG_VAL   : -0.14737
rmsVal1       : 0.65702
rmsVal2       : 0.65702
AVG_RMS_Val   : 0.65702
amplitudeVal1 : 0.07760
amplitudeVal2 : 0.34697
AVG_AMP_VAL   : 1.37164
Label 1       : a
Label 2       : a
t1Start       : 0.00000
t1End         : 24.37500
t2Start       : 24.37500
t2End         : 28.87500
tAvgIndex     : 14.43750

