Iteration     : 1
CompLabel     : FX
averageVal1   : -0.10083
averageVal2   : -0.10083
AVG_MAG_VAL   : -0.10083
rmsVal1       : 0.88999
rmsVal2       : 0.88999
AVG_RMS_Val   : 0.88999
amplitudeVal1 : 0.60249
amplitudeVal2 : 0.60249
AVG_AMP_VAL   : 0.60249
Label 1       : k
Label 2       : k
t1Start       : 0.00000
t1End         : 35.28500
t2Start       : 0.00000
t2End         : 35.28500
tAvgIndex     : 17.64250

