Iteration     : 1
CompLabel     : FX
averageVal1   : 0.36321
averageVal2   : 0.00633
AVG_MAG_VAL   : 0.00557
rmsVal1       : 0.59949
rmsVal2       : 0.59949
AVG_RMS_Val   : 0.62552
amplitudeVal1 : 0.56467
amplitudeVal2 : 0.11519
AVG_AMP_VAL   : 0.56467
Label 1       : a
Label 2       : a
t1Start       : 0.00000
t1End         : 13.42500
t2Start       : 13.42500
t2End         : 26.18500
tAvgIndex     : 13.09250

