Iteration     : 1
CompLabel     : FX
averageVal1   : 0.40466
averageVal2   : 0.13808
AVG_MAG_VAL   : 0.27137
rmsVal1       : 1.19724
rmsVal2       : 0.75624
AVG_RMS_Val   : 1.19724
amplitudeVal1 : 0.15606
amplitudeVal2 : 0.22965
AVG_AMP_VAL   : 0.22965
Label 1       : k
Label 2       : k
t1Start       : 0.00000
t1End         : 12.85000
t2Start       : 12.85000
t2End         : 26.18500
tAvgIndex     : 12.97125

