Iteration     : 1
CompLabel     : FX
averageVal1   : 0.05300
averageVal2   : 0.05300
AVG_MAG_VAL   : 0.05300
rmsVal1       : 0.14407
rmsVal2       : 0.14407
AVG_RMS_Val   : 0.14407
amplitudeVal1 : 0.14737
amplitudeVal2 : 0.14737
AVG_AMP_VAL   : 0.14737
Label 1       : k
Label 2       : k
t1Start       : 0.00000
t1End         : 21.97000
t2Start       : 0.00000
t2End         : 21.97000
tAvgIndex     : 10.98500

