Iteration     : 1
CompLabel     : FX
averageVal1   : -0.08706
averageVal2   : 0.02854
AVG_MAG_VAL   : -0.04467
rmsVal1       : 0.12033
rmsVal2       : 0.12033
AVG_RMS_Val   : 0.12033
amplitudeVal1 : 0.02719
amplitudeVal2 : 0.10108
AVG_AMP_VAL   : 0.15371
Label 1       : a
Label 2       : a
t1Start       : 0.00000
t1End         : 16.60000
t2Start       : 16.60000
t2End         : 21.97000
tAvgIndex     : 10.98500

