Iteration     : 1
CompLabel     : FX
averageVal1   : 0.00376
averageVal2   : -0.04491
AVG_MAG_VAL   : -0.01924
rmsVal1       : 0.00567
rmsVal2       : 0.00567
AVG_RMS_Val   : 0.13333
amplitudeVal1 : 0.01868
amplitudeVal2 : 0.05421
AVG_AMP_VAL   : 0.05421
Label 1       : a
Label 2       : a
t1Start       : 0.00000
t1End         : 7.32500
t2Start       : 7.32500
t2End         : 26.91500
tAvgIndex     : 13.45750

