Iteration     : 1
CompLabel     : FX
averageVal1   : 0.05542
averageVal2   : 0.05542
AVG_MAG_VAL   : 0.05542
rmsVal1       : 0.14546
rmsVal2       : 0.14546
AVG_RMS_Val   : 0.14546
amplitudeVal1 : 0.14881
amplitudeVal2 : 0.14881
AVG_AMP_VAL   : 0.14881
Label 1       : k
Label 2       : k
t1Start       : 0.00000
t1End         : 26.91500
t2Start       : 0.00000
t2End         : 26.91500
tAvgIndex     : 13.45750

