Iteration     : 1
CompLabel     : FX
averageVal1   : 0.05601
averageVal2   : 0.96879
AVG_MAG_VAL   : 0.57343
rmsVal1       : 0.09860
rmsVal2       : 0.09860
AVG_RMS_Val   : 2.11030
amplitudeVal1 : 0.06389
amplitudeVal2 : 2.03813
AVG_AMP_VAL   : 3.22576
Label 1       : a
Label 2       : a
t1Start       : 0.00000
t1End         : 22.10000
t2Start       : 22.10000
t2End         : 25.95500
tAvgIndex     : 12.97750

