Iteration     : 1
CompLabel     : FX
averageVal1   : 0.05257
averageVal2   : 0.05257
AVG_MAG_VAL   : 0.05257
rmsVal1       : 0.13637
rmsVal2       : 0.13637
AVG_RMS_Val   : 0.13637
amplitudeVal1 : 0.13320
amplitudeVal2 : 0.13320
AVG_AMP_VAL   : 0.13320
Label 1       : k
Label 2       : k
t1Start       : 0.00000
t1End         : 25.95500
t2Start       : 0.00000
t2End         : 25.95500
tAvgIndex     : 12.97750

