Iteration     : 1
CompLabel     : FX
averageVal1   : 0.05826
averageVal2   : 0.05826
AVG_MAG_VAL   : 0.05826
rmsVal1       : 0.46363
rmsVal2       : 0.46363
AVG_RMS_Val   : 0.46363
amplitudeVal1 : 0.01759
amplitudeVal2 : 0.01759
AVG_AMP_VAL   : 0.01759
Label 1       : k
Label 2       : k
t1Start       : 0.00000
t1End         : 32.35000
t2Start       : 0.00000
t2End         : 32.35000
tAvgIndex     : 16.17500

