Iteration     : 1
CompLabel     : FX
averageVal1   : 0.00292
averageVal2   : -0.00973
AVG_MAG_VAL   : -0.00341
rmsVal1       : 0.00509
rmsVal2       : 0.10028
AVG_RMS_Val   : 0.10028
amplitudeVal1 : 0.02713
amplitudeVal2 : 0.07545
AVG_AMP_VAL   : 0.07545
Label 1       : k
Label 2       : k
t1Start       : 0.00000
t1End         : 7.02500
t2Start       : 7.02500
t2End         : 22.18500
tAvgIndex     : 9.05875

