Iteration     : 1
CompLabel     : FX
averageVal1   : 0.05636
averageVal2   : 0.05636
AVG_MAG_VAL   : 0.05636
rmsVal1       : 0.15503
rmsVal2       : 0.15503
AVG_RMS_Val   : 0.15503
amplitudeVal1 : 0.14184
amplitudeVal2 : 0.14184
AVG_AMP_VAL   : 0.14184
Label 1       : k
Label 2       : k
t1Start       : 0.00000
t1End         : 22.18500
t2Start       : 0.00000
t2End         : 22.18500
tAvgIndex     : 11.09250

