Iteration     : 1
CompLabel     : FX
averageVal1   : 0.18802
averageVal2   : 0.04978
AVG_MAG_VAL   : 0.11890
rmsVal1       : 0.93486
rmsVal2       : 0.16497
AVG_RMS_Val   : 0.93486
amplitudeVal1 : 0.26735
amplitudeVal2 : 0.06187
AVG_AMP_VAL   : 0.26735
Label 1       : k
Label 2       : k
t1Start       : 0.00000
t1End         : 16.72500
t2Start       : 16.72500
t2End         : 25.81000
tAvgIndex     : 14.81500

