Iteration     : 1
CompLabel     : FX
averageVal1   : 0.22663
averageVal2   : 0.03778
AVG_MAG_VAL   : 0.15467
rmsVal1       : 0.44086
rmsVal2       : 0.44086
AVG_RMS_Val   : 0.44086
amplitudeVal1 : 0.45382
amplitudeVal2 : 0.03262
AVG_AMP_VAL   : 0.45382
Label 1       : a
Label 2       : a
t1Start       : 0.00000
t1End         : 24.10000
t2Start       : 24.10000
t2End         : 35.54500
tAvgIndex     : 17.77250

