Iteration     : 1
CompLabel     : FX
averageVal1   : -0.39639
averageVal2   : -0.39639
AVG_MAG_VAL   : -0.39639
rmsVal1       : 1.25588
rmsVal2       : 1.25588
AVG_RMS_Val   : 1.25588
amplitudeVal1 : 1.25653
amplitudeVal2 : 1.25653
AVG_AMP_VAL   : 1.25653
Label 1       : k
Label 2       : k
t1Start       : 0.00000
t1End         : 35.54500
t2Start       : 0.00000
t2End         : 35.54500
tAvgIndex     : 17.77250

