Iteration     : 1
CompLabel     : FX
averageVal1   : 0.06712
averageVal2   : 0.05242
AVG_MAG_VAL   : 0.05977
rmsVal1       : 0.16530
rmsVal2       : 0.08398
AVG_RMS_Val   : 0.16530
amplitudeVal1 : 0.14139
amplitudeVal2 : 0.02942
AVG_AMP_VAL   : 0.14139
Label 1       : k
Label 2       : k
t1Start       : 0.00000
t1End         : 19.55000
t2Start       : 19.55000
t2End         : 23.96500
tAvgIndex     : 15.76625

