Iteration     : 1
CompLabel     : FX
averageVal1   : -0.05543
averageVal2   : -0.03829
AVG_MAG_VAL   : -0.04694
rmsVal1       : 0.10732
rmsVal2       : -0.02957
AVG_RMS_Val   : 0.10732
amplitudeVal1 : 0.02786
amplitudeVal2 : 0.10805
AVG_AMP_VAL   : 0.10805
Label 1       : a
Label 2       : a
t1Start       : 0.00000
t1End         : 16.60000
t2Start       : 16.60000
t2End         : 23.96500
tAvgIndex     : 11.98250

