Iteration     : 1
CompLabel     : FX
averageVal1   : 0.05156
averageVal2   : 0.05156
AVG_MAG_VAL   : 0.05156
rmsVal1       : 0.15557
rmsVal2       : 0.15557
AVG_RMS_Val   : 0.15557
amplitudeVal1 : 0.13414
amplitudeVal2 : 0.13414
AVG_AMP_VAL   : 0.13414
Label 1       : k
Label 2       : k
t1Start       : 0.00000
t1End         : 24.98000
t2Start       : 0.00000
t2End         : 24.98000
tAvgIndex     : 12.49000

