Iteration     : 1
CompLabel     : FX
averageVal1   : 0.00755
averageVal2   : -0.08192
AVG_MAG_VAL   : -0.05180
rmsVal1       : 0.12943
rmsVal2       : 0.12943
AVG_RMS_Val   : 0.12943
amplitudeVal1 : 0.02641
amplitudeVal2 : 0.07831
AVG_AMP_VAL   : 0.08711
Label 1       : a
Label 2       : a
t1Start       : 0.00000
t1End         : 15.77500
t2Start       : 15.77500
t2End         : 34.05000
tAvgIndex     : 17.02500

