Iteration     : 1
CompLabel     : FX
averageVal1   : 0.03154
averageVal2   : 0.03154
AVG_MAG_VAL   : 0.03154
rmsVal1       : 0.13179
rmsVal2       : 0.13179
AVG_RMS_Val   : 0.13179
amplitudeVal1 : 0.14714
amplitudeVal2 : 0.14714
AVG_AMP_VAL   : 0.14714
Label 1       : k
Label 2       : k
t1Start       : 0.00000
t1End         : 34.05000
t2Start       : 0.00000
t2End         : 34.05000
tAvgIndex     : 17.02500

