Iteration     : 1
CompLabel     : FX
averageVal1   : 0.02754
averageVal2   : 0.04725
AVG_MAG_VAL   : 0.03740
rmsVal1       : 0.13179
rmsVal2       : 0.12527
AVG_RMS_Val   : 0.13179
amplitudeVal1 : 0.14641
amplitudeVal2 : 0.02745
AVG_AMP_VAL   : 0.14641
Label 1       : k
Label 2       : k
t1Start       : 0.00000
t1End         : 16.67500
t2Start       : 16.67500
t2End         : 25.60000
tAvgIndex     : 14.73750

