Iteration     : 1
CompLabel     : FX
averageVal1   : -0.05049
averageVal2   : -0.02317
AVG_MAG_VAL   : -0.03683
rmsVal1       : 0.12186
rmsVal2       : 0.10830
AVG_RMS_Val   : 0.12186
amplitudeVal1 : 0.02228
amplitudeVal2 : 0.12455
AVG_AMP_VAL   : 0.12455
Label 1       : k
Label 2       : k
t1Start       : 0.00000
t1End         : 16.62500
t2Start       : 16.62500
t2End         : 23.82500
tAvgIndex     : 14.26875

