Iteration     : 1
CompLabel     : FX
averageVal1   : 0.06443
averageVal2   : 0.06711
AVG_MAG_VAL   : 0.06577
rmsVal1       : 0.15035
rmsVal2       : 0.08470
AVG_RMS_Val   : 0.15035
amplitudeVal1 : 0.14200
amplitudeVal2 : 0.03607
AVG_AMP_VAL   : 0.14200
Label 1       : k
Label 2       : k
t1Start       : 0.00000
t1End         : 17.60000
t2Start       : 17.60000
t2End         : 23.82500
tAvgIndex     : 14.75625

