Iteration     : 1
CompLabel     : FX
averageVal1   : 0.15687
averageVal2   : 0.06780
AVG_MAG_VAL   : 0.11233
rmsVal1       : 0.43131
rmsVal2       : 0.10180
AVG_RMS_Val   : 0.43131
amplitudeVal1 : 0.10590
amplitudeVal2 : 0.04269
AVG_AMP_VAL   : 0.10590
Label 1       : k
Label 2       : k
t1Start       : 0.00000
t1End         : 21.55000
t2Start       : 21.55000
t2End         : 43.20000
tAvgIndex     : 21.57500

