Iteration     : 1
CompLabel     : FX
averageVal1   : 0.11952
averageVal2   : 0.11952
AVG_MAG_VAL   : 0.11952
rmsVal1       : 0.43131
rmsVal2       : 0.43131
AVG_RMS_Val   : 0.43131
amplitudeVal1 : 0.15210
amplitudeVal2 : 0.15210
AVG_AMP_VAL   : 0.15210
Label 1       : k
Label 2       : k
t1Start       : 0.00000
t1End         : 44.00000
t2Start       : 0.00000
t2End         : 44.00000
tAvgIndex     : 22.00000

