Iteration     : 1
CompLabel     : FX
averageVal1   : 0.03949
averageVal2   : 0.03949
AVG_MAG_VAL   : 0.03949
rmsVal1       : 0.13247
rmsVal2       : 0.13247
AVG_RMS_Val   : 0.13247
amplitudeVal1 : 0.13807
amplitudeVal2 : 0.13807
AVG_AMP_VAL   : 0.13807
Label 1       : k
Label 2       : k
t1Start       : 0.00000
t1End         : 22.52000
t2Start       : 0.00000
t2End         : 22.52000
tAvgIndex     : 11.26000

