Iteration     : 1
CompLabel     : FX
averageVal1   : 0.02323
averageVal2   : 0.66801
AVG_MAG_VAL   : 0.75355
rmsVal1       : 0.06983
rmsVal2       : 0.06983
AVG_RMS_Val   : 2.13878
amplitudeVal1 : 0.09328
amplitudeVal2 : 1.85444
AVG_AMP_VAL   : 2.10940
Label 1       : a
Label 2       : a
t1Start       : 0.00000
t1End         : 14.00000
t2Start       : 14.00000
t2End         : 22.52000
tAvgIndex     : 11.26000

