Iteration     : 1
CompLabel     : FX
averageVal1   : 0.05711
averageVal2   : 0.49808
AVG_MAG_VAL   : 0.26381
rmsVal1       : 0.08368
rmsVal2       : 0.08368
AVG_RMS_Val   : 2.14959
amplitudeVal1 : 0.07103
amplitudeVal2 : 1.60210
AVG_AMP_VAL   : 2.65332
Label 1       : a
Label 2       : a
t1Start       : 0.00000
t1End         : 19.80000
t2Start       : 19.80000
t2End         : 23.22000
tAvgIndex     : 11.61000

