Iteration     : 1
CompLabel     : FX
averageVal1   : 0.00456
averageVal2   : 0.16401
AVG_MAG_VAL   : 0.13888
rmsVal1       : 0.08375
rmsVal2       : 0.01939
AVG_RMS_Val   : 0.19056
amplitudeVal1 : 0.07108
amplitudeVal2 : 0.04978
AVG_AMP_VAL   : 0.07108
Label 1       : a
Label 2       : a
t1Start       : 0.00000
t1End         : 83.52500
t2Start       : 83.52500
t2End         : 83.99000
tAvgIndex     : 41.99500

