Iteration     : 1
CompLabel     : FX
averageVal1   : -0.05015
averageVal2   : -0.03585
AVG_MAG_VAL   : -0.04300
rmsVal1       : 0.12913
rmsVal2       : 0.10411
AVG_RMS_Val   : 0.12913
amplitudeVal1 : 0.06188
amplitudeVal2 : 0.14001
AVG_AMP_VAL   : 0.14001
Label 1       : k
Label 2       : k
t1Start       : 0.00000
t1End         : 16.67500
t2Start       : 16.67500
t2End         : 22.98000
tAvgIndex     : 14.08250

