Iteration     : 1
CompLabel     : FX
averageVal1   : 0.04316
averageVal2   : 0.04316
AVG_MAG_VAL   : 0.04316
rmsVal1       : 0.13060
rmsVal2       : 0.13060
AVG_RMS_Val   : 0.13060
amplitudeVal1 : 0.13753
amplitudeVal2 : 0.13753
AVG_AMP_VAL   : 0.13753
Label 1       : k
Label 2       : k
t1Start       : 0.00000
t1End         : 22.98000
t2Start       : 0.00000
t2End         : 22.98000
tAvgIndex     : 11.49000

