Iteration     : 1
CompLabel     : FX
averageVal1   : 0.06001
averageVal2   : 0.06075
AVG_MAG_VAL   : 0.06038
rmsVal1       : 0.14488
rmsVal2       : 0.11021
AVG_RMS_Val   : 0.14488
amplitudeVal1 : 0.05285
amplitudeVal2 : 0.05037
AVG_AMP_VAL   : 0.05285
Label 1       : k
Label 2       : k
t1Start       : 0.00000
t1End         : 17.15000
t2Start       : 17.15000
t2End         : 19.90000
tAvgIndex     : 13.55000

