Iteration     : 1
CompLabel     : FX
averageVal1   : 0.04804
averageVal2   : 0.04804
AVG_MAG_VAL   : 0.04804
rmsVal1       : 0.14488
rmsVal2       : 0.14488
AVG_RMS_Val   : 0.14488
amplitudeVal1 : 0.14682
amplitudeVal2 : 0.14682
AVG_AMP_VAL   : 0.14682
Label 1       : k
Label 2       : k
t1Start       : 0.00000
t1End         : 22.47500
t2Start       : 0.00000
t2End         : 22.47500
tAvgIndex     : 11.23750

