Iteration     : 1
CompLabel     : FX
averageVal1   : -0.05997
averageVal2   : -0.02211
AVG_MAG_VAL   : -0.04104
rmsVal1       : 0.12794
rmsVal2       : 0.09342
AVG_RMS_Val   : 0.12794
amplitudeVal1 : 0.06000
amplitudeVal2 : 0.09040
AVG_AMP_VAL   : 0.09040
Label 1       : k
Label 2       : k
t1Start       : 0.00000
t1End         : 16.67500
t2Start       : 16.67500
t2End         : 22.47500
tAvgIndex     : 13.95625

