Iteration     : 1
CompLabel     : FX
averageVal1   : 0.05439
averageVal2   : 0.05439
AVG_MAG_VAL   : 0.05439
rmsVal1       : 0.15160
rmsVal2       : 0.15160
AVG_RMS_Val   : 0.15160
amplitudeVal1 : 0.14848
amplitudeVal2 : 0.14848
AVG_AMP_VAL   : 0.14848
Label 1       : k
Label 2       : k
t1Start       : 0.00000
t1End         : 25.44500
t2Start       : 0.00000
t2End         : 25.44500
tAvgIndex     : 12.72250

