Iteration     : 1
CompLabel     : FX
averageVal1   : -0.07564
averageVal2   : -0.01903
AVG_MAG_VAL   : -0.04734
rmsVal1       : 0.12538
rmsVal2       : 0.11893
AVG_RMS_Val   : 0.12538
amplitudeVal1 : 0.15651
amplitudeVal2 : 0.06468
AVG_AMP_VAL   : 0.15651
Label 1       : k
Label 2       : k
t1Start       : 0.00000
t1End         : 17.02500
t2Start       : 17.02500
t2End         : 33.29000
tAvgIndex     : 16.83500

