Iteration     : 1
CompLabel     : FX
averageVal1   : 0.06921
averageVal2   : 0.07010
AVG_MAG_VAL   : 0.06965
rmsVal1       : 0.16398
rmsVal2       : 0.09726
AVG_RMS_Val   : 0.16398
amplitudeVal1 : 0.14608
amplitudeVal2 : 0.03455
AVG_AMP_VAL   : 0.14608
Label 1       : k
Label 2       : k
t1Start       : 0.00000
t1End         : 17.60000
t2Start       : 17.60000
t2End         : 33.29000
tAvgIndex     : 17.12250

