Iteration     : 1
CompLabel     : FX
averageVal1   : 0.17054
averageVal2   : 0.17054
AVG_MAG_VAL   : 0.17054
rmsVal1       : 0.80482
rmsVal2       : 0.80482
AVG_RMS_Val   : 0.80482
amplitudeVal1 : 0.20709
amplitudeVal2 : 0.20709
AVG_AMP_VAL   : 0.20709
Label 1       : k
Label 2       : k
t1Start       : 0.00000
t1End         : 29.88500
t2Start       : 0.00000
t2End         : 29.88500
tAvgIndex     : 14.94250

