Iteration     : 1
CompLabel     : FX
averageVal1   : 0.47566
averageVal2   : 0.05117
AVG_MAG_VAL   : 0.27274
rmsVal1       : 1.11824
rmsVal2       : 1.11824
AVG_RMS_Val   : 1.11824
amplitudeVal1 : 0.31282
amplitudeVal2 : 0.04356
AVG_AMP_VAL   : 0.31282
Label 1       : a
Label 2       : a
t1Start       : 0.00000
t1End         : 16.70000
t2Start       : 16.70000
t2End         : 28.63500
tAvgIndex     : 14.31750

