Iteration     : 1
CompLabel     : FX
averageVal1   : -0.00770
averageVal2   : 0.02738
AVG_MAG_VAL   : -0.00254
rmsVal1       : 0.10552
rmsVal2       : -0.01201
AVG_RMS_Val   : 0.11933
amplitudeVal1 : 0.03152
amplitudeVal2 : 0.01942
AVG_AMP_VAL   : 0.24024
Label 1       : a
Label 2       : a
t1Start       : 0.00000
t1End         : 17.70000
t2Start       : 17.70000
t2End         : 32.80000
tAvgIndex     : 16.40000

