Iteration     : 1
CompLabel     : FX
averageVal1   : 0.05080
averageVal2   : 0.06462
AVG_MAG_VAL   : 0.06769
rmsVal1       : 0.19752
rmsVal2       : 0.19752
AVG_RMS_Val   : 0.19752
amplitudeVal1 : 0.14441
amplitudeVal2 : 0.01542
AVG_AMP_VAL   : 0.14441
Label 1       : a
Label 2       : a
t1Start       : 0.00000
t1End         : 17.55000
t2Start       : 17.55000
t2End         : 24.35000
tAvgIndex     : 12.17500

