Iteration     : 1
CompLabel     : FX
averageVal1   : 0.06289
averageVal2   : 0.06289
AVG_MAG_VAL   : 0.06289
rmsVal1       : 0.19752
rmsVal2       : 0.19752
AVG_RMS_Val   : 0.19752
amplitudeVal1 : 0.19740
amplitudeVal2 : 0.19740
AVG_AMP_VAL   : 0.19740
Label 1       : k
Label 2       : k
t1Start       : 0.00000
t1End         : 32.80000
t2Start       : 0.00000
t2End         : 32.80000
tAvgIndex     : 16.40000

