Iteration     : 1
CompLabel     : FX
averageVal1   : 0.05049
averageVal2   : 0.05049
AVG_MAG_VAL   : 0.05049
rmsVal1       : 0.14677
rmsVal2       : 0.14677
AVG_RMS_Val   : 0.14677
amplitudeVal1 : 0.14669
amplitudeVal2 : 0.14669
AVG_AMP_VAL   : 0.14669
Label 1       : k
Label 2       : k
t1Start       : 0.00000
t1End         : 22.12000
t2Start       : 0.00000
t2End         : 22.12000
tAvgIndex     : 11.06000

