Iteration     : 1
CompLabel     : FX
averageVal1   : -0.01878
averageVal2   : -0.01993
AVG_MAG_VAL   : -0.02913
rmsVal1       : 0.49247
rmsVal2       : 0.49247
AVG_RMS_Val   : 0.70130
amplitudeVal1 : 0.19343
amplitudeVal2 : 0.51285
AVG_AMP_VAL   : 0.90729
Label 1       : a
Label 2       : a
t1Start       : 0.00000
t1End         : 19.35000
t2Start       : 19.35000
t2End         : 22.12000
tAvgIndex     : 11.06000

