Iteration     : 1
CompLabel     : FX
averageVal1   : -0.33517
averageVal2   : -0.17891
AVG_MAG_VAL   : -0.13089
rmsVal1       : 1.05274
rmsVal2       : 1.05274
AVG_RMS_Val   : 1.05274
amplitudeVal1 : 1.05412
amplitudeVal2 : 0.40604
AVG_AMP_VAL   : 2.17880
Label 1       : a
Label 2       : a
t1Start       : 0.00000
t1End         : 28.45000
t2Start       : 28.45000
t2End         : 39.66000
tAvgIndex     : 19.83000

