Iteration     : 1
CompLabel     : FX
averageVal1   : 0.07038
averageVal2   : 0.03139
AVG_MAG_VAL   : 0.05196
rmsVal1       : 0.17290
rmsVal2       : 0.17290
AVG_RMS_Val   : 0.17290
amplitudeVal1 : 0.14606
amplitudeVal2 : 0.04344
AVG_AMP_VAL   : 0.14606
Label 1       : a
Label 2       : a
t1Start       : 0.00000
t1End         : 20.00000
t2Start       : 20.00000
t2End         : 21.15000
tAvgIndex     : 10.57500

