Iteration     : 1
CompLabel     : FX
averageVal1   : 0.06329
averageVal2   : 0.06329
AVG_MAG_VAL   : 0.06329
rmsVal1       : 0.17290
rmsVal2       : 0.17290
AVG_RMS_Val   : 0.17290
amplitudeVal1 : 0.14180
amplitudeVal2 : 0.14180
AVG_AMP_VAL   : 0.14180
Label 1       : k
Label 2       : k
t1Start       : 0.00000
t1End         : 23.17500
t2Start       : 0.00000
t2End         : 23.17500
tAvgIndex     : 11.58750

