Iteration     : 1
CompLabel     : FX
averageVal1   : 0.05525
averageVal2   : 0.05525
AVG_MAG_VAL   : 0.05525
rmsVal1       : 0.17589
rmsVal2       : 0.17589
AVG_RMS_Val   : 0.17589
amplitudeVal1 : 0.14565
amplitudeVal2 : 0.14565
AVG_AMP_VAL   : 0.14565
Label 1       : k
Label 2       : k
t1Start       : 0.00000
t1End         : 22.59000
t2Start       : 0.00000
t2End         : 22.59000
tAvgIndex     : 11.29500

