Iteration     : 1
CompLabel     : FX
averageVal1   : 0.03398
averageVal2   : -0.01171
AVG_MAG_VAL   : -0.02806
rmsVal1       : 0.09479
rmsVal2       : 0.09479
AVG_RMS_Val   : 0.09479
amplitudeVal1 : 0.02424
amplitudeVal2 : 0.03194
AVG_AMP_VAL   : 0.18915
Label 1       : a
Label 2       : a
t1Start       : 0.00000
t1End         : 17.45000
t2Start       : 17.45000
t2End         : 22.59000
tAvgIndex     : 11.29500

