Iteration     : 1
CompLabel     : FX
averageVal1   : 0.23802
averageVal2   : 0.23802
AVG_MAG_VAL   : 0.23802
rmsVal1       : 0.79435
rmsVal2       : 0.79435
AVG_RMS_Val   : 0.79435
amplitudeVal1 : 0.14235
amplitudeVal2 : 0.14235
AVG_AMP_VAL   : 0.14235
Label 1       : k
Label 2       : k
t1Start       : 0.00000
t1End         : 28.65000
t2Start       : 0.00000
t2End         : 28.65000
tAvgIndex     : 14.32500

