Iteration     : 1
CompLabel     : FX
averageVal1   : 0.21653
averageVal2   : 0.10618
AVG_MAG_VAL   : 0.16136
rmsVal1       : 0.39769
rmsVal2       : 0.19983
AVG_RMS_Val   : 0.39769
amplitudeVal1 : 0.04362
amplitudeVal2 : 0.05897
AVG_AMP_VAL   : 0.05897
Label 1       : k
Label 2       : k
t1Start       : 0.00000
t1End         : 19.77500
t2Start       : 19.77500
t2End         : 40.84500
tAvgIndex     : 20.09875

