Iteration     : 1
CompLabel     : FX
averageVal1   : -0.03482
averageVal2   : -0.03482
AVG_MAG_VAL   : -0.03482
rmsVal1       : 0.07534
rmsVal2       : 0.07534
AVG_RMS_Val   : 0.07534
amplitudeVal1 : 0.17940
amplitudeVal2 : 0.17940
AVG_AMP_VAL   : 0.17940
Label 1       : k
Label 2       : k
t1Start       : 0.00000
t1End         : 22.54000
t2Start       : 0.00000
t2End         : 22.54000
tAvgIndex     : 11.27000

