Iteration     : 1
CompLabel     : FX
averageVal1   : -0.10243
averageVal2   : 0.03417
AVG_MAG_VAL   : -0.09250
rmsVal1       : 0.11363
rmsVal2       : 0.11363
AVG_RMS_Val   : 0.41053
amplitudeVal1 : 0.13306
amplitudeVal2 : 0.05754
AVG_AMP_VAL   : 0.31202
Label 1       : a
Label 2       : a
t1Start       : 0.00000
t1End         : 16.12500
t2Start       : 16.12500
t2End         : 37.28500
tAvgIndex     : 18.64250

