Iteration     : 1
CompLabel     : FX
averageVal1   : 0.08831
averageVal2   : 0.08831
AVG_MAG_VAL   : 0.08831
rmsVal1       : 0.38640
rmsVal2       : 0.38640
AVG_RMS_Val   : 0.38640
amplitudeVal1 : 0.02359
amplitudeVal2 : 0.02359
AVG_AMP_VAL   : 0.02359
Label 1       : k
Label 2       : k
t1Start       : 0.00000
t1End         : 37.28500
t2Start       : 0.00000
t2End         : 37.28500
tAvgIndex     : 18.64250

